wr_ratio,qdep,wrsz,rdsz,wrnd,rrnd,wr_stride,rd_stride,lat,bw,iops
0,1,1,1,0,0,0,0,0.02,57.26,58635
0,1,1,4,0,0,0,0,0.02,182.90,46823
0,1,1,16,0,0,0,0,0.04,356.34,22806
0,1,1,64,0,0,0,0,0.14,441.16,7058
0,1,1,256,0,0,0,0,0.53,470.91,1883
0,1,4,1,0,0,0,0,0.02,58.42,59818
0,1,4,4,0,0,0,0,0.02,183.17,46890
0,1,4,16,0,0,0,0,0.04,356.16,22794
0,1,4,64,0,0,0,0,0.14,435.76,6972
0,1,4,256,0,0,0,0,0.53,467.62,1870
0,1,16,1,0,0,0,0,0.02,58.10,59492
0,1,16,4,0,0,0,0,0.02,183.18,46894
0,1,16,16,0,0,0,0,0.04,356.88,22840
0,1,16,64,0,0,0,0,0.14,435.14,6962
0,1,16,256,0,0,0,0,0.54,466.12,1864
0,1,64,1,0,0,0,0,0.02,58.49,59891
0,1,64,4,0,0,0,0,0.02,183.21,46901
0,1,64,16,0,0,0,0,0.04,356.29,22802
0,1,64,64,0,0,0,0,0.14,435.03,6960
0,1,64,256,0,0,0,0,0.54,466.80,1867
0,1,256,1,0,0,0,0,0.02,58.32,59715
0,1,256,4,0,0,0,0,0.02,183.24,46910
0,1,256,16,0,0,0,0,0.04,356.47,22814
0,1,256,64,0,0,0,0,0.14,434.17,6947
0,1,256,256,0,0,0,0,0.54,465.36,1861
0,4,1,1,0,0,0,0,0.04,101.65,104093
0,4,1,4,0,0,0,0,0.04,382.97,98039
0,4,1,16,0,0,0,0,0.13,489.07,31300
0,4,1,64,0,0,0,0,0.48,519.76,8315
0,4,1,256,0,0,0,0,1.90,526.40,2105
0,4,4,1,0,0,0,0,0.04,86.44,88516
0,4,4,4,0,0,0,0,0.04,382.96,98037
0,4,4,16,0,0,0,0,0.13,488.60,31270
0,4,4,64,0,0,0,0,0.48,519.92,8318
0,4,4,256,0,0,0,0,1.90,526.40,2105
0,4,16,1,0,0,0,0,0.05,80.24,82162
0,4,16,4,0,0,0,0,0.04,382.83,98003
0,4,16,16,0,0,0,0,0.13,488.57,31267
0,4,16,64,0,0,0,0,0.48,519.72,8315
0,4,16,256,0,0,0,0,1.90,526.36,2105
0,4,64,1,0,0,0,0,0.04,89.85,92003
0,4,64,4,0,0,0,0,0.04,382.96,98037
0,4,64,16,0,0,0,0,0.13,488.65,31273
0,4,64,64,0,0,0,0,0.48,519.81,8316
0,4,64,256,0,0,0,0,1.90,526.40,2105
0,4,256,1,0,0,0,0,0.05,75.87,77694
0,4,256,4,0,0,0,0,0.04,382.61,97948
0,4,256,16,0,0,0,0,0.13,489.02,31297
0,4,256,64,0,0,0,0,0.48,519.79,8316
0,4,256,256,0,0,0,0,1.90,526.35,2105
0,16,1,1,0,0,0,0,0.09,178.84,183126
0,16,1,4,0,0,0,0,0.16,383.33,98129
0,16,1,16,0,0,0,0,0.51,489.72,31339
0,16,1,64,0,0,0,0,1.92,520.20,8320
0,16,1,256,0,0,0,0,7.57,529.46,2115
0,16,4,1,0,0,0,0,0.09,178.74,183028
0,16,4,4,0,0,0,0,0.16,383.26,98111
0,16,4,16,0,0,0,0,0.51,489.68,31336
0,16,4,64,0,0,0,0,1.92,520.72,8328
0,16,4,256,0,0,0,0,7.56,530.16,2117
0,16,16,1,0,0,0,0,0.09,178.67,182951
0,16,16,4,0,0,0,0,0.16,383.29,98119
0,16,16,16,0,0,0,0,0.51,489.72,31339
0,16,16,64,0,0,0,0,1.92,521.08,8334
0,16,16,256,0,0,0,0,7.55,530.26,2118
0,16,64,1,0,0,0,0,0.09,178.79,183077
0,16,64,4,0,0,0,0,0.16,383.34,98132
0,16,64,16,0,0,0,0,0.51,489.71,31338
0,16,64,64,0,0,0,0,1.92,521.21,8336
0,16,64,256,0,0,0,0,7.55,530.26,2118
0,16,256,1,0,0,0,0,0.09,178.61,182897
0,16,256,4,0,0,0,0,0.16,383.26,98111
0,16,256,16,0,0,0,0,0.51,489.67,31336
0,16,256,64,0,0,0,0,1.92,521.43,8340
0,16,256,256,0,0,0,0,7.55,530.31,2118
0,64,1,1,0,0,0,0,0.24,257.68,263851
0,64,1,4,0,0,0,0,0.57,440.73,112814
0,64,1,16,0,0,0,0,1.97,508.82,32552
0,64,1,64,0,0,0,0,7.61,526.23,8407
0,64,1,256,0,0,0,0,30.18,533.42,2121
0,64,4,1,0,0,0,0,0.24,256.79,262943
0,64,4,4,0,0,0,0,0.56,442.83,113353
0,64,4,16,0,0,0,0,2.11,494.47,31633
0,64,4,64,0,0,0,0,7.61,526.73,8415
0,64,4,256,0,0,0,0,30.18,533.37,2121
0,64,16,1,0,0,0,0,0.24,256.99,263145
0,64,16,4,0,0,0,0,0.56,442.06,113155
0,64,16,16,0,0,0,0,1.97,509.02,32564
0,64,16,64,0,0,0,0,7.60,527.25,8423
0,64,16,256,0,0,0,0,30.17,533.51,2121
0,64,64,1,0,0,0,0,0.24,257.08,263238
0,64,64,4,0,0,0,0,0.57,443.06,113409
0,64,64,16,0,0,0,0,2.01,501.20,32064
0,64,64,64,0,0,0,0,7.62,525.78,8400
0,64,64,256,0,0,0,0,30.17,533.51,2121
0,64,256,1,0,0,0,0,0.24,256.70,262848
0,64,256,4,0,0,0,0,0.57,437.26,111927
0,64,256,16,0,0,0,0,1.97,508.60,32537
0,64,256,64,0,0,0,0,7.61,526.61,8413
0,64,256,256,0,0,0,0,30.32,533.51,2121
25,1,1,1,0,0,0,0,0.06,15.66,16035
25,1,1,4,0,0,0,0,0.08,41.52,13067
25,1,1,16,0,0,0,0,0.10,113.66,9505
25,1,1,64,0,0,0,0,0.19,242.14,5162
25,1,1,256,0,0,0,0,0.49,380.16,2024
25,1,4,1,0,0,0,0,0.07,25.10,14750
25,1,4,4,0,0,0,0,0.07,55.73,14266
25,1,4,16,0,0,0,0,0.10,123.92,9761
25,1,4,64,0,0,0,0,0.19,251.22,5267
25,1,4,256,0,0,0,0,0.49,380.78,2019
25,1,16,1,0,0,0,0,0.07,60.55,13141
25,1,16,4,0,0,0,0,0.08,86.37,12674
25,1,16,16,0,0,0,0,0.10,155.21,9933
25,1,16,64,0,0,0,0,0.18,275.94,5450
25,1,16,256,0,0,0,0,0.47,403.99,2112
25,1,64,1,0,0,0,0,0.11,143.72,8740
25,1,64,4,0,0,0,0,0.12,159.12,8542
25,1,64,16,0,0,0,0,0.14,198.12,7208
25,1,64,64,0,0,0,0,0.22,281.07,4497
25,1,64,256,0,0,0,0,0.50,404.89,1994
25,1,256,1,0,0,0,0,0.25,256.90,4004
25,1,256,4,0,0,0,0,0.26,254.55,3821
25,1,256,16,0,0,0,0,0.28,267.56,3595
25,1,256,64,0,0,0,0,0.36,298.83,2735
25,1,256,256,0,0,0,0,0.66,376.41,1505
25,4,1,1,0,0,0,0,0.12,32.31,33084
25,4,1,4,0,0,0,0,0.14,93.50,29418
25,4,1,16,0,0,0,0,0.22,219.41,18295
25,4,1,64,0,0,0,0,0.53,352.57,7508
25,4,1,256,0,0,0,0,1.67,449.35,2396
25,4,4,1,0,0,0,0,0.13,52.40,30741
25,4,4,4,0,0,0,0,0.10,147.68,37806
25,4,4,16,0,0,0,0,0.20,255.07,20070
25,4,4,64,0,0,0,0,0.52,364.77,7646
25,4,4,256,0,0,0,0,1.67,452.11,2399
25,4,16,1,0,0,0,0,0.16,116.23,25142
25,4,16,4,0,0,0,0,0.13,203.43,29834
25,4,16,16,0,0,0,0,0.20,310.34,19861
25,4,16,64,0,0,0,0,0.51,401.64,7920
25,4,16,256,0,0,0,0,1.62,473.44,2473
25,4,64,1,0,0,0,0,0.29,224.04,13793
25,4,64,4,0,0,0,0,0.27,275.07,14948
25,4,64,16,0,0,0,0,0.34,320.39,11752
25,4,64,64,0,0,0,0,0.60,413.93,6622
25,4,64,256,0,0,0,0,1.62,499.76,2461
25,4,256,1,0,0,0,0,0.74,343.24,5362
25,4,256,4,0,0,0,0,0.71,370.51,5609
25,4,256,16,0,0,0,0,0.80,376.16,5022
25,4,256,64,0,0,0,0,1.09,402.21,3656
25,4,256,256,0,0,0,0,2.09,478.17,1912
25,16,1,1,0,0,0,0,0.25,61.93,63415
25,16,1,4,0,0,0,0,0.31,162.57,51214
25,16,1,16,0,0,0,0,0.61,312.89,26117
25,16,1,64,0,0,0,0,1.81,416.04,8838
25,16,1,256,0,0,0,0,6.01,499.67,2661
25,16,4,1,0,0,0,0,0.28,97.59,57083
25,16,4,4,0,0,0,0,0.21,291.14,74529
25,16,4,16,0,0,0,0,0.46,437.83,34448
25,16,4,64,0,0,0,0,1.71,449.39,9400
25,16,4,256,0,0,0,0,5.81,515.84,2733
25,16,16,1,0,0,0,0,0.40,183.81,39650
25,16,16,4,0,0,0,0,0.35,310.07,45394
25,16,16,16,0,0,0,0,0.60,416.38,26645
25,16,16,64,0,0,0,0,1.83,443.40,8738
25,16,16,256,0,0,0,0,6.00,511.83,2669
25,16,64,1,0,0,0,0,0.85,307.03,18870
25,16,64,4,0,0,0,0,0.82,359.75,19490
25,16,64,16,0,0,0,0,1.08,402.87,14791
25,16,64,64,0,0,0,0,2.00,500.75,8009
25,16,64,256,0,0,0,0,6.22,522.97,2574
25,16,256,1,0,0,0,0,2.33,442.62,6866
25,16,256,4,0,0,0,0,2.32,459.01,6894
25,16,256,16,0,0,0,0,2.67,463.02,6166
25,16,256,64,0,0,0,0,3.58,490.85,4468
25,16,256,256,0,0,0,0,7.88,508.36,2030
25,64,1,1,0,0,0,0,0.52,121.58,124483
25,64,1,4,0,0,0,0,1.09,188.33,59346
25,64,1,16,0,0,0,0,2.19,335.47,27985
25,64,1,64,0,0,0,0,6.58,465.00,9855
25,64,1,256,0,0,0,0,22.91,513.94,2724
25,64,4,1,0,0,0,0,0.66,166.09,97386
25,64,4,4,0,0,0,0,0.77,327.70,83879
25,64,4,16,0,0,0,0,1.84,456.50,35915
25,64,4,64,0,0,0,0,6.01,510.17,10629
25,64,4,256,0,0,0,0,22.63,528.14,2785
25,64,16,1,0,0,0,0,1.17,262.80,56670
25,64,16,4,0,0,0,0,1.33,335.78,49118
25,64,16,16,0,0,0,0,2.34,441.73,28258
25,64,16,64,0,0,0,0,6.34,511.09,10051
25,64,16,256,0,0,0,0,24.57,528.06,2744
25,64,64,1,0,0,0,0,2.69,401.18,24590
25,64,64,4,0,0,0,0,2.82,412.97,22328
25,64,64,16,0,0,0,0,3.62,458.66,16862
25,64,64,64,0,0,0,0,7.88,508.27,8119
25,64,64,256,0,0,0,0,25.37,512.88,2515
25,64,256,1,0,0,0,0,8.62,481.28,7526
25,64,256,4,0,0,0,0,8.41,497.89,7515
25,64,256,16,0,0,0,0,11.91,481.94,6398
25,64,256,64,0,0,0,0,14.34,491.11,4462
25,64,256,256,0,0,0,0,32.01,502.91,1999
50,1,1,1,0,0,0,0,0.05,17.98,18411
50,1,1,4,0,0,0,0,0.06,37.47,15357
50,1,1,16,0,0,0,0,0.08,98.31,11803
50,1,1,64,0,0,0,0,0.14,221.57,7009
50,1,1,256,0,0,0,0,0.35,360.83,2876
50,1,4,1,0,0,0,0,0.07,36.80,15070
50,1,4,4,0,0,0,0,0.06,69.30,17741
50,1,4,16,0,0,0,0,0.08,128.04,13117
50,1,4,64,0,0,0,0,0.14,241.50,7297
50,1,4,256,0,0,0,0,0.34,372.52,2927
50,1,16,1,0,0,0,0,0.08,100.08,12110
50,1,16,4,0,0,0,0,0.07,132.01,13512
50,1,16,16,0,0,0,0,0.09,174.00,11135
50,1,16,64,0,0,0,0,0.14,270.35,6941
50,1,16,256,0,0,0,0,0.34,391.75,2940
50,1,64,1,0,0,0,0,0.15,211.14,6629
50,1,64,4,0,0,0,0,0.15,225.35,6769
50,1,64,16,0,0,0,0,0.17,235.54,6022
50,1,64,64,0,0,0,0,0.22,278.51,4456
50,1,64,256,0,0,0,0,0.41,374.39,2406
50,1,256,1,0,0,0,0,0.39,321.10,2544
50,1,256,4,0,0,0,0,0.39,329.61,2577
50,1,256,16,0,0,0,0,0.42,318.83,2380
50,1,256,64,0,0,0,0,0.49,318.44,2026
50,1,256,256,0,0,0,0,0.70,356.46,1426
50,4,1,1,0,0,0,0,0.09,43.19,44229
50,4,1,4,0,0,0,0,0.10,98.74,40402
50,4,1,16,0,0,0,0,0.15,213.03,25665
50,4,1,64,0,0,0,0,0.35,358.39,11256
50,4,1,256,0,0,0,0,1.13,446.54,3538
50,4,4,1,0,0,0,0,0.11,87.22,35799
50,4,4,4,0,0,0,0,0.08,203.62,52125
50,4,4,16,0,0,0,0,0.14,285.76,29197
50,4,4,64,0,0,0,0,0.34,385.98,11593
50,4,4,256,0,0,0,0,1.11,459.42,3603
50,4,16,1,0,0,0,0,0.17,195.51,23509
50,4,16,4,0,0,0,0,0.14,277.31,28437
50,4,16,16,0,0,0,0,0.19,334.65,21417
50,4,16,64,0,0,0,0,0.37,419.00,10718
50,4,16,256,0,0,0,0,1.11,480.81,3602
50,4,64,1,0,0,0,0,0.40,317.73,10022
50,4,64,4,0,0,0,0,0.37,356.85,10760
50,4,64,16,0,0,0,0,0.44,357.71,9156
50,4,64,64,0,0,0,0,0.65,383.11,6129
50,4,64,256,0,0,0,0,1.35,462.46,2953
50,4,256,1,0,0,0,0,1.14,437.39,3506
50,4,256,4,0,0,0,0,1.11,455.83,3603
50,4,256,16,0,0,0,0,1.19,444.92,3367
50,4,256,64,0,0,0,0,1.48,422.87,2698
50,4,256,256,0,0,0,0,2.19,455.60,1822
50,16,1,1,0,0,0,0,0.18,87.07,89153
50,16,1,4,0,0,0,0,0.21,184.79,75617
50,16,1,16,0,0,0,0,0.41,321.37,38661
50,16,1,64,0,0,0,0,1.14,457.97,14446
50,16,1,256,0,0,0,0,4.07,498.60,3968
50,16,4,1,0,0,0,0,0.25,155.76,63827
50,16,4,4,0,0,0,0,0.21,300.79,77000
50,16,4,16,0,0,0,0,0.39,404.13,41345
50,16,4,64,0,0,0,0,1.10,486.79,14671
50,16,4,256,0,0,0,0,3.93,521.67,4100
50,16,16,1,0,0,0,0,0.46,290.74,35117
50,16,16,4,0,0,0,0,0.41,384.11,39368
50,16,16,16,0,0,0,0,0.62,401.31,25681
50,16,16,64,0,0,0,0,1.36,478.37,12209
50,16,16,256,0,0,0,0,4.13,520.11,3922
50,16,64,1,0,0,0,0,1.15,440.32,13860
50,16,64,4,0,0,0,0,1.12,476.05,14317
50,16,64,16,0,0,0,0,1.34,462.99,11878
50,16,64,64,0,0,0,0,2.03,493.10,7886
50,16,64,256,0,0,0,0,4.91,511.23,3259
50,16,256,1,0,0,0,0,4.01,495.94,3942
50,16,256,4,0,0,0,0,4.03,505.40,3979
50,16,256,16,0,0,0,0,4.36,497.52,3754
50,16,256,64,0,0,0,0,5.10,490.21,3139
50,16,256,256,0,0,0,0,8.14,492.01,1965
50,64,1,1,0,0,0,0,0.52,119.75,122609
50,64,1,4,0,0,0,0,0.81,190.85,78101
50,64,1,16,0,0,0,0,1.63,327.47,39369
50,64,1,64,0,0,0,0,4.36,465.75,14672
50,64,1,256,0,0,0,0,15.34,504.99,4010
50,64,4,1,0,0,0,0,0.80,193.93,79517
50,64,4,4,0,0,0,0,0.77,323.84,82891
50,64,4,16,0,0,0,0,1.50,421.76,43151
50,64,4,64,0,0,0,0,4.20,501.96,15110
50,64,4,256,0,0,0,0,16.36,521.51,4086
50,64,16,1,0,0,0,0,1.68,327.27,39466
50,64,16,4,0,0,0,0,1.51,419.63,42981
50,64,16,16,0,0,0,0,2.22,452.67,28958
50,64,16,64,0,0,0,0,5.51,495.44,12656
50,64,16,256,0,0,0,0,16.65,520.80,3917
50,64,64,1,0,0,0,0,4.46,454.98,14301
50,64,64,4,0,0,0,0,4.44,487.32,14643
50,64,64,16,0,0,0,0,5.34,482.76,12373
50,64,64,64,0,0,0,0,8.36,479.37,7657
50,64,64,256,0,0,0,0,19.51,515.42,3280
50,64,256,1,0,0,0,0,16.40,494.39,3917
50,64,256,4,0,0,0,0,15.83,506.20,3972
50,64,256,16,0,0,0,0,17.85,500.26,3764
50,64,256,64,0,0,0,0,22.04,460.04,2936
50,64,256,256,0,0,0,0,34.20,474.76,1886
75,1,1,1,0,0,0,0,0.05,19.62,20086
75,1,1,4,0,0,0,0,0.05,31.53,18453
75,1,1,16,0,0,0,0,0.06,72.76,15735
75,1,1,64,0,0,0,0,0.09,174.58,10625
75,1,1,256,0,0,0,0,0.19,327.25,5159
75,1,4,1,0,0,0,0,0.06,50.27,15821
75,1,4,4,0,0,0,0,0.04,95.43,24431
75,1,4,16,0,0,0,0,0.05,134.19,19598
75,1,4,64,0,0,0,0,0.08,230.53,12457
75,1,4,256,0,0,0,0,0.18,359.90,5478
75,1,16,1,0,0,0,0,0.09,138.10,11554
75,1,16,4,0,0,0,0,0.07,187.12,14710
75,1,16,16,0,0,0,0,0.07,205.76,13169
75,1,16,64,0,0,0,0,0.10,259.52,9470
75,1,16,256,0,0,0,0,0.20,369.21,4950
75,1,64,1,0,0,0,0,0.18,266.62,5669
75,1,64,4,0,0,0,0,0.17,285.84,5991
75,1,64,16,0,0,0,0,0.18,279.61,5513
75,1,64,64,0,0,0,0,0.21,291.86,4670
75,1,64,256,0,0,0,0,0.31,350.61,3191
75,1,256,1,0,0,0,0,0.50,373.74,1983
75,1,256,4,0,0,0,0,0.49,382.52,2023
75,1,256,16,0,0,0,0,0.51,374.30,1949
75,1,256,64,0,0,0,0,0.56,362.04,1773
75,1,256,256,0,0,0,0,0.67,371.97,1488
75,4,1,1,0,0,0,0,0.08,49.09,50266
75,4,1,4,0,0,0,0,0.08,85.68,50038
75,4,1,16,0,0,0,0,0.11,170.61,36531
75,4,1,64,0,0,0,0,0.22,301.86,18455
75,4,1,256,0,0,0,0,0.62,406.86,6406
75,4,4,1,0,0,0,0,0.10,123.20,38852
75,4,4,4,0,0,0,0,0.07,234.27,59973
75,4,4,16,0,0,0,0,0.10,285.03,41595
75,4,4,64,0,0,0,0,0.20,360.65,19405
75,4,4,256,0,0,0,0,0.60,434.80,6621
75,4,16,1,0,0,0,0,0.18,261.31,21853
75,4,16,4,0,0,0,0,0.15,330.13,26050
75,4,16,16,0,0,0,0,0.18,337.29,21586
75,4,16,64,0,0,0,0,0.29,376.88,13811
75,4,16,256,0,0,0,0,0.66,450.28,6028
75,4,64,1,0,0,0,0,0.49,382.17,8092
75,4,64,4,0,0,0,0,0.46,411.40,8595
75,4,64,16,0,0,0,0,0.53,386.61,7614
75,4,64,64,0,0,0,0,0.63,397.60,6361
75,4,64,256,0,0,0,0,1.01,433.02,3940
75,4,256,1,0,0,0,0,1.61,467.82,2486
75,4,256,4,0,0,0,0,1.58,477.73,2532
75,4,256,16,0,0,0,0,1.64,467.49,2435
75,4,256,64,0,0,0,0,1.76,461.92,2269
75,4,256,256,0,0,0,0,2.21,453.52,1813
75,16,1,1,0,0,0,0,0.16,94.59,96859
75,16,1,4,0,0,0,0,0.16,168.78,98724
75,16,1,16,0,0,0,0,0.27,270.61,58185
75,16,1,64,0,0,0,0,0.65,409.89,25000
75,16,1,256,0,0,0,0,2.19,472.03,7450
75,16,4,1,0,0,0,0,0.24,211.41,66622
75,16,4,4,0,0,0,0,0.20,315.90,80867
75,16,4,16,0,0,0,0,0.32,346.35,50585
75,16,4,64,0,0,0,0,0.69,444.05,23963
75,16,4,256,0,0,0,0,2.06,507.25,7756
75,16,16,1,0,0,0,0,0.50,383.39,32143
75,16,16,4,0,0,0,0,0.45,452.47,35719
75,16,16,16,0,0,0,0,0.61,411.11,26308
75,16,16,64,0,0,0,0,0.97,445.70,16311
75,16,16,256,0,0,0,0,2.41,500.57,6718
75,16,64,1,0,0,0,0,1.69,445.37,9465
75,16,64,4,0,0,0,0,1.67,458.45,9594
75,16,64,16,0,0,0,0,1.84,440.24,8662
75,16,64,64,0,0,0,0,2.08,480.04,7677
75,16,64,256,0,0,0,0,3.57,492.37,4483
75,16,256,1,0,0,0,0,5.99,502.27,2674
75,16,256,4,0,0,0,0,5.94,508.71,2696
75,16,256,16,0,0,0,0,6.07,504.88,2632
75,16,256,64,0,0,0,0,6.58,495.83,2433
75,16,256,256,0,0,0,0,8.21,487.76,1948
75,64,1,1,0,0,0,0,0.47,132.93,136109
75,64,1,4,0,0,0,0,0.61,177.61,103885
75,64,1,16,0,0,0,0,1.06,282.02,60618
75,64,1,64,0,0,0,0,2.48,428.68,26004
75,64,1,256,0,0,0,0,8.90,487.28,7709
75,64,4,1,0,0,0,0,0.82,248.38,78309
75,64,4,4,0,0,0,0,0.71,344.05,88063
75,64,4,16,0,0,0,0,1.17,363.42,53068
75,64,4,64,0,0,0,0,2.83,472.43,25322
75,64,4,256,0,0,0,0,8.14,513.98,7866
75,64,16,1,0,0,0,0,1.91,403.71,33859
75,64,16,4,0,0,0,0,1.76,456.13,36001
75,64,16,16,0,0,0,0,2.25,440.39,28172
75,64,16,64,0,0,0,0,3.99,481.53,17605
75,64,16,256,0,0,0,0,10.16,507.82,6837
75,64,64,1,0,0,0,0,6.33,477.61,10134
75,64,64,4,0,0,0,0,6.22,497.35,10390
75,64,64,16,0,0,0,0,6.89,483.73,9525
75,64,64,64,0,0,0,0,8.32,481.61,7693
75,64,64,256,0,0,0,0,14.16,497.65,4520
75,64,256,1,0,0,0,0,24.72,500.67,2651
75,64,256,4,0,0,0,0,23.60,508.55,2684
75,64,256,16,0,0,0,0,29.53,509.81,2651
75,64,256,64,0,0,0,0,27.00,487.81,2386
75,64,256,256,0,0,0,0,33.84,475.27,1888
100,1,1,1,0,0,0,0,0.02,54.13,55431
100,1,1,4,0,0,0,0,0.02,54.22,55526
100,1,1,16,0,0,0,0,0.02,54.14,55444
100,1,1,64,0,0,0,0,0.02,54.29,55595
100,1,1,256,0,0,0,0,0.02,54.18,55482
100,1,4,1,0,0,0,0,0.02,170.05,43532
100,1,4,4,0,0,0,0,0.02,168.05,43019
100,1,4,16,0,0,0,0,0.02,168.37,43103
100,1,4,64,0,0,0,0,0.02,168.65,43174
100,1,4,256,0,0,0,0,0.02,168.76,43202
100,1,16,1,0,0,0,0,0.04,340.15,21769
100,1,16,4,0,0,0,0,0.04,340.39,21785
100,1,16,16,0,0,0,0,0.04,339.85,21750
100,1,16,64,0,0,0,0,0.04,339.32,21716
100,1,16,256,0,0,0,0,0.04,338.85,21686
100,1,64,1,0,0,0,0,0.15,422.56,6761
100,1,64,4,0,0,0,0,0.15,419.01,6704
100,1,64,16,0,0,0,0,0.15,420.63,6730
100,1,64,64,0,0,0,0,0.15,420.09,6721
100,1,64,256,0,0,0,0,0.15,419.62,6714
100,1,256,1,0,0,0,0,0.55,455.21,1821
100,1,256,4,0,0,0,0,0.55,455.26,1821
100,1,256,16,0,0,0,0,0.55,454.96,1820
100,1,256,64,0,0,0,0,0.55,454.97,1820
100,1,256,256,0,0,0,0,0.55,455.06,1820
100,4,1,1,0,0,0,0,0.05,77.44,79296
100,4,1,4,0,0,0,0,0.04,88.18,90294
100,4,1,16,0,0,0,0,0.05,76.40,78232
100,4,1,64,0,0,0,0,0.05,73.00,74749
100,4,1,256,0,0,0,0,0.05,75.51,77322
100,4,4,1,0,0,0,0,0.05,333.31,85326
100,4,4,4,0,0,0,0,0.05,333.00,85246
100,4,4,16,0,0,0,0,0.05,333.03,85254
100,4,4,64,0,0,0,0,0.05,333.13,85280
100,4,4,256,0,0,0,0,0.05,333.33,85333
100,4,16,1,0,0,0,0,0.14,462.07,29572
100,4,16,4,0,0,0,0,0.14,461.05,29506
100,4,16,16,0,0,0,0,0.14,461.18,29514
100,4,16,64,0,0,0,0,0.14,460.84,29493
100,4,16,256,0,0,0,0,0.14,461.58,29540
100,4,64,1,0,0,0,0,0.52,484.89,7757
100,4,64,4,0,0,0,0,0.52,484.36,7749
100,4,64,16,0,0,0,0,0.52,483.25,7731
100,4,64,64,0,0,0,0,0.52,483.23,7731
100,4,64,256,0,0,0,0,0.52,484.28,7748
100,4,256,1,0,0,0,0,2.05,488.65,1954
100,4,256,4,0,0,0,0,2.04,489.01,1955
100,4,256,16,0,0,0,0,2.04,488.95,1955
100,4,256,64,0,0,0,0,2.04,489.00,1955
100,4,256,256,0,0,0,0,2.05,488.70,1954
100,16,1,1,0,0,0,0,0.10,148.75,152312
100,16,1,4,0,0,0,0,0.10,148.74,152310
100,16,1,16,0,0,0,0,0.10,148.74,152310
100,16,1,64,0,0,0,0,0.10,150.04,153637
100,16,1,256,0,0,0,0,0.11,149.49,153077
100,16,4,1,0,0,0,0,0.19,333.91,85478
100,16,4,4,0,0,0,0,0.19,333.91,85477
100,16,4,16,0,0,0,0,0.19,333.91,85478
100,16,4,64,0,0,0,0,0.19,333.91,85477
100,16,4,256,0,0,0,0,0.19,335.35,85846
100,16,16,1,0,0,0,0,0.54,460.10,29443
100,16,16,4,0,0,0,0,0.54,460.06,29441
100,16,16,16,0,0,0,0,0.54,460.18,29448
100,16,16,64,0,0,0,0,0.54,460.12,29444
100,16,16,256,0,0,0,0,0.54,460.15,29446
100,16,64,1,0,0,0,0,2.06,484.30,7746
100,16,64,4,0,0,0,0,2.06,484.74,7753
100,16,64,16,0,0,0,0,2.07,483.54,7733
100,16,64,64,0,0,0,0,2.07,483.60,7734
100,16,64,256,0,0,0,0,2.07,484.02,7741
100,16,256,1,0,0,0,0,8.17,490.31,1958
100,16,256,4,0,0,0,0,8.16,490.77,1960
100,16,256,16,0,0,0,0,8.17,490.27,1958
100,16,256,64,0,0,0,0,8.15,491.36,1962
100,16,256,256,0,0,0,0,8.17,490.61,1959
100,64,1,1,0,0,0,0,0.38,158.88,162680
100,64,1,4,0,0,0,0,0.47,147.36,150882
100,64,1,16,0,0,0,0,0.45,132.45,135612
100,64,1,64,0,0,0,0,0.43,150.03,153618
100,64,1,256,0,0,0,0,0.41,161.06,164914
100,64,4,1,0,0,0,0,0.63,401.82,102854
100,64,4,4,0,0,0,0,0.62,402.90,103129
100,64,4,16,0,0,0,0,0.64,387.81,99268
100,64,4,64,0,0,0,0,0.62,401.72,102829
100,64,4,256,0,0,0,0,0.64,387.20,99110
100,64,16,1,0,0,0,0,2.06,487.24,31170
100,64,16,4,0,0,0,0,2.06,486.75,31139
100,64,16,16,0,0,0,0,2.06,486.82,31144
100,64,16,64,0,0,0,0,2.05,486.99,31154
100,64,16,256,0,0,0,0,2.11,476.43,30479
100,64,64,1,0,0,0,0,8.19,488.97,7811
100,64,64,4,0,0,0,0,8.17,490.10,7829
100,64,64,16,0,0,0,0,8.18,489.61,7821
100,64,64,64,0,0,0,0,8.20,488.43,7802
100,64,64,256,0,0,0,0,8.18,489.92,7826
100,64,256,1,0,0,0,0,32.33,502.72,1998
100,64,256,4,0,0,0,0,32.54,494.77,1966
100,64,256,16,0,0,0,0,32.35,501.72,1994
100,64,256,64,0,0,0,0,31.90,504.96,2007
100,64,256,256,0,0,0,0,24.49,498.56,1981
500 tests done.
